$ANSIBLE_VAULT;1.1;AES256
62636131303535386361616161373637633864633235393830356562306661353430636566613865
6433633630356531326235346435646438366334313938620a326437373430316232316166303961
33333939636134653765356162313033616439656530353630643831653039313235386232396239
3432313566646363300a313331393663323362646630396530333665396538333037323465373064
65666536666163396666616536366439323430333637343839333931363865626138393062313337
64653434373862376266353235386266333432613864303637313366316665613164613738316438
34623837383739373761346336663838313130663135623239363364303263393334646533636434
30313564336664633831396432616339323730383633646637313763373763643036666239656533
66653362383230653338623636646231393533656164383761336235343461333736333136663435
64313731656435633335303536656635653639663235386339626631333132363737326530656534
34313963316666316462306137336131616436393438323931656238313134623864306266396539
66396364656637626563353135333139646562326338303735613330326561663933336234323139
32633864613630356636656530326465613965356335653634396563323031386663356565316266
32623164346262616266373664306561663234353964633166396562323137383236306233303132
63333661396261643733653462343737373737616634633039633632306363346563353565376239
31343262303931313261393965373265393163616233316431396330643736313730613930386539
64383330393138303939333738333033383938333930633539663637633331663633346563373163
62303039653536346663336533646263383863653261383562666230353132356630626235393761
64373661346330333633623665633438373937306130393062393161653930356163663561326231
61383564333266326430333431313534326565383537303536343537393830663435613130636462
34656638343139343936373161396362386636366364613066306365623836633639303635623062
33316234343232363638323932663239633664663835643362343533346363333433386662653331
36653365666630623366303839373335663366623730626466373936353062633033393039396432
64393832653235383430653730356338623838616131333561316433303035313737386561336235
31353563393231636231383534333232333739306134356434643366363439646438376666376162
32353865336534666164613761646230396633643239373861343762623331663534333633396436
64353366386334393438326466653162386439393532336664333761653865313065326232323136
31616236363036316237
